111.12 146.81 108.77 91.49 59.59
145.76 166.56 132.62 115.78 85.55
137.1 168.36 131.98 114.94 84.84
152.73 183.05 143.65 126.25 94.52
143.45 165.95 128.51 112.19 81.59
165.98 158.76 127.22 109.63 80.74
179.79 180.28 146.84 128.84 99.48
154.02 150 117.45 100.28 72.01
153.43 155.45 121.12 104.05 72.46
162.02 162.78 133.72 116.87 91.35
130.13 174.35 130.32 114.53 83.16
143.23 185.22 141.49 124.18 93.83
144.27 166.54 137.27 120.87 99.77
149.63 186.48 143.45 126.73 93.85
144.77 180.05 138.25 121.25 92.26
146.71 166.76 130.11 112.78 79.62
127.67 168.59 124.33 107.42 67.54
146.6 162.95 126.79 109.29 75.29
120.7 139.9 101.91 85.14 55.11
146.68 172.49 130.44 119.87 77.78
146.92 166.8 128.27 109.14 71.78
132.93 151.26 116.6 95 67.8
125.14 150.62 113.15 96.58 56.58
150.8 166.93 133.68 119.42 87.96
130.8 156.07 117.64 101.11 67.98
131.37 146.27 108.19 91.04 52.77
135.43 144.05 111.01 93.77 65.41
133.04 159.93 120.41 103.39 74.14
119.45 151.21 111.2 92.07 50.86
135.11 161.76 130.75 114.76 71.9
