123.85 157.13 120.78 95.93 66.76
114.7 142.57 105.98 82.38 44.55
117.57 137.19 107.52 83.8 55.38
111.27 133.74 101.39 76.39 46.49
108.87 133.58 101.87 78.78 46.92
118.24 140.07 107.59 82.57 52.79
118.19 142.02 110.54 85.07 54.6
115.2 135.64 108.53 85.68 54.33
118.53 136.82 107.23 83.74 49.12
107.92 127.96 96.66 73.74 46.6
106.75 144.33 107.17 84.06 50.78
121.82 150.55 114.9 90.09 58.14
113.92 151.58 114.21 90.53 56.68
103.73 140.16 103.29 78.81 43.2
115.24 145.72 110 84.94 51.2
108.26 136.66 103.33 79.71 46.7
85.07 121.3 83.73 59.7 28.08
113.3 145.44 108.62 85.44 53.14
96.08 122.13 90.01 67.37 33.22
106.45 134.28 100.47 77.05 47.59
105.52 132.05 100.82 75.18 39.16
103.44 137.97 102.18 79.11 46.8
105 131.72 100.77 78.9 48.63
97.97 123.3 91.28 69.03 41.54
113.69 143.84 108.05 83.92 52.28
105.19 132.26 98.84 74.88 42.88
103.36 131.64 96.01 71.79 39.84
100.07 122.05 91.33 68.4 38.02
104.2 140.52 106.12 83.02 48.31
108.34 130.11 100.02 73.82 42.31
