60.04 148.81 92.16 63.38 40.11
80.66 163.19 106.29 78.76 56.79
79.44 140.5 85.49 60.62 42.02
82.27 122.57 79.89 57.61 40.63
79.3 130.09 80.9 55.73 36.91
112.98 140.11 95.52 69.78 48.33
136.54 138.17 104.81 81.67 56.84
136.09 130.5 93.13 72.29 45.56
138.3 134.34 95.13 73 49.89
123.98 126.26 87.08 64.18 44.5
56.3 158.61 99.66 67.97 43.4
62.33 158.41 101 71.2 45.27
69.07 168.33 140.55 83.99 55.94
72.3 160.02 114.19 78.57 56.35
73.46 168.37 116.62 65.47 47.85
77.9 165.89 118.78 72.58 49.99
73.74 156.6 98.18 67.15 51.18
89.39 133.78 83.7 56.5 42.59
94.98 140.36 95.41 69.02 48.98
89.37 149.91 95.79 66.64 46.51
97.19 142.79 94.53 67.29 47.72
95.91 155.86 100.17 76.64 55.36
76.62 157.88 95.35 68.1 49.32
53.85 164.27 115.87 74.92 51.55
79.64 137.41 83.56 57.3 41.99
83.16 131.9 82.9 59.66 43.65
75.59 129.47 77.79 53.06 36.82
52.12 163.89 111.3 71.69 45.71
89.55 138.86 88.83 60.62 44.89
64.57 148.26 89.57 58.2 42.77
