129.91 161.92 118.08 83.66 60.23
119.99 153.26 110.45 80.68 56.81
127.72 160.14 117.99 87.77 64.81
112.69 137.71 105.75 78.76 59.66
113.3 145.24 104.25 79.05 60.79
147.71 144.44 116.82 89.1 59.77
138.87 151.13 118.04 90.82 57.96
128.2 135.18 99.98 71.95 48.48
132.35 138.4 104.23 70.93 40.01
129.29 138.73 100.62 66.67 37.14
95.03 147.21 104.5 77.78 54.91
93.75 138.69 98.43 68.62 46.55
88.04 142.63 99.53 72.34 46.48
79.72 134.51 86.6 55.34 33.09
77.76 128.58 82.26 57.18 32.05
110.97 152.35 102.98 68.56 44.4
113.16 149.98 105.67 77.93 53
120.68 166.7 119.55 84.07 62.3
112.25 147.89 102.06 66.76 42.7
114.27 154.23 107.57 74.33 50.6
163.88 186.4 166.15 137.86 95.13
150.26 172 146.53 120.51 76.56
102.18 140.47 97.49 66.67 39.73
126.56 165.85 118.98 87.02 64.68
116.69 155.65 110.44 76.63 53.06
97.38 142.12 88.79 53.74 33
106.52 136.9 95.17 64.5 44.86
106.18 136.4 93.4 58.92 35.11
103.36 138.47 92.45 59.05 37.66
105.35 137.26 93.67 60.82 39.21
