62
0.120945053417496
0.0456699224948541
0.0479429891207264
0.112117888381464
0.0481593581362131
0.130094804246535
0.125232951087785
0.0727132616596965
0.0738748236134838
0.0343455549375782
0.0653533183816729
0.119235173433197
0.109539242327956
0.123655667933808
0.107033055686798
0.0743558966562871
0.130858524640671
0.0657913983542391
0.121099973606995
0.140935721564696
0.119996037400237
0.0868552020122413
0.0618702139801790
0.0440047062448489
0.0715393815795955
0.141338656031468
0.108783251902469
0.147575163927524
0.0878430824967712
0.0493247345936760
0.0710718738880520
0.161347602146082
0.124061491421815
0.0812562043146126
0.144524922330485
0.0814621307671447
0.144345345732302
0.140840130938458
0.0781436394960358
0.0924724766496349
0.106747378723636
0.0349092740486056
0.0868101526638780
0.152223293294941
0.105993104066454
0.0634468908950019
0.113506437815864
0.0901950346356174
0.0438103232520302
0.122690596297903
0.112457621678908
0.0981637671774001
0.101834018320104
0.108610943877389
0.141974141186184
0.0944821842935069
0.0799731070054044
0.129630801456520
0.100463358466528
0.108892977137358
0.167053182951160
0.0868415563804167
-0.177310565847239	25.1561624007902	38.1333161343283
-89.5521011273801	80.7848009028233	72.1487499474721
30.0693698772452	99.6254379441117	80.1907139615766
-24.0096153446371	29.4891171367490	16.8989683398452
115.581011074598	44.2685548356901	74.3884721555341
28.9563501948868	6.20755429943180	84.3949574575756
-5.44806471235389	-9.65015305042403	-0.362386579188632
27.0628749408900	61.1360404845728	86.0680109058138
-85.9889203008818	52.0296667621693	87.7034309496897
-112.014927307218	-4.81320699559860	78.7039275757043
-27.8547122767689	73.8343954737094	87.1404313116633
-22.6349961766852	-20.1381912054645	49.5952519941712
22.3324688907413	-20.4220564471569	40.9832122462043
0.579523166258696	-45.2308511295388	76.3499026460629
-35.4001261009946	20.7466881771145	91.3550776348257
86.0235742373911	50.8643360495652	86.5389168356522
1.82261518479185	5.23273962701784	40.5112519779098
60.9920232478062	67.6834895211032	86.5324024613457
-24.9812886411107	9.28606641400746	-0.439087069208454
-23.5206014428313	-4.40185308039303	67.0646727606073
23.7003385639465	26.0766735050751	6.91738811774259
-61.9164846821157	34.9215922223096	93.7763874166013
0.423384446878422	-120.267921786418	63.9492697623220
-32.1887210838449	103.930438305385	77.6004847709612
86.6225875970445	21.1251689665025	88.8392843139572
-10.9348587953423	10.4491129668313	-0.337066045518702
35.0394054659521	14.0015532083110	65.9614958013405
0.409169987216172	-21.4002214026913	90.9461630467619
56.8598526979251	7.57347571571004	87.3973430172462
-115.105984177412	42.3958017266118	75.1729439554048
-90.2490837680833	22.7391994410888	90.2066899709174
0.157534957307056	-9.78209007854406	59.8106210749863
0.541851232152421	-40.4608633161832	95.2822462216482
60.6896735802906	32.5018150815314	71.9903657766748
5.16921408964534	10.6726389082160	-0.400844369987524
-30.1861587929967	46.2363155452127	94.7639493998226
0.428421832183915	29.6169326548441	13.8166940233169
22.9864000937754	-5.93784965622506	64.6642714333602
-69.3753735894695	30.2431593525299	71.7476214343892
0.610730095786964	-87.8489567988871	69.5834394793320
-24.9286277356850	9.59610321667429	45.6586959244160
111.944704612077	-1.07187447118024	78.6086464894786
59.5782801469572	35.3777619162902	94.8536172110020
0.530805966945719	-27.0703224466624	71.6996276157974
0.419133115705485	-82.8542200431626	91.3486499876681
-61.0937594947320	68.6922518144754	86.4921162762254
0.528558295477240	-61.3269518207514	95.3701366383440
0.488567008923892	-103.996942239108	83.2517901577426
90.4198847337704	83.0134374380328	72.1523551252458
22.4046058373394	-1.69632472979693	-0.471538165975963
-25.6279703974047	-8.85484751135442	-0.419500511354420
-44.3356562008113	11.8231303390805	69.3823441724138
30.0543947968866	30.7099210903515	89.8499996923801
18.4984974490054	-20.2695796728735	5.06830107913669
0.477997012324457	12.6892984451132	64.6374459908285
-23.8201714287260	-24.6626139757019	23.8426535145789
-62.1596670263432	5.37511506516465	89.4392275958407
-29.3477404492393	3.58160599083184	83.0980624617625
25.3913139360495	22.1483509896854	32.7846961366684
0.585038991584178	-65.9245593700496	77.1346558108909
0.736354428542901	-5.04262012832299	80.2225745230860
-32.4160294626672	38.9856080677599	71.5236142084592
