6.578265 27.366863 -17.109287
22.538224 9.231544 -7.115085
-23.711966 0.303049 -10.916471
-12.582476 25.198828 2.046571
9.768059 -23.127842 -0.298471
-7.252113 -0.191351 11.734367
0.555742 -7.058016 7.526475
1.929075 6.376843 -4.192633
-29.646596 12.472610 -15.975219
7.383953 21.794794 -0.339976
14.840236 -0.185858 -4.795679
17.121799 3.168737 -5.716117
27.343059 7.850887 -12.936796
-7.545091 -22.102420 9.731132
27.103183 6.719260 -18.886685
-10.209357 -26.645405 5.568407
-22.102420 20.824305 14.572588
5.812860 13.298441 14.158757
-29.119236 -22.411878 8.316294
7.028718 -16.946013 -17.361980
-19.864803 7.446211 -6.360668
-10.835597 -7.946104 6.440016
18.143559 18.412732 1.061434
6.666158 17.890866 16.024049
-21.311380 7.810602 -3.903317
-14.777978 -21.807611 14.207587
-26.030152 -4.331492 2.934050
-11.862850 2.883084 -10.977508
-11.319010 -23.362224 12.321543
-21.917478 -12.945036 11.524400
23.713797 17.378155 9.751885
6.913358 -8.332469 14.266182
-16.290475 21.814936 -10.822474
-15.027009 2.544328 19.393292
-26.771752 -25.114597 0.986969
-4.391919 -24.319895 -9.648122
23.492233 -16.034120 -14.138005
-22.494278 25.898312 -16.795557
-27.174596 -26.476943 -6.543779
24.882046 -6.083865 -2.688681
26.769921 20.231025 1.369060
20.525834 11.611988 -4.092532
-14.450209 -29.739982 1.023591
27.288125 -6.078372 -10.356151
5.133518 -14.691916 7.360454
26.716819 -3.870052 15.608997
-29.569689 26.458632 4.062014
17.169408 4.600665 -14.302805
-16.660360 -7.019562 -19.829096
-4.924772 -25.065157 6.397290
21.305887 -26.108890 12.442396
9.724113 11.489303 12.107913
1.808222 11.137730 -14.289377
11.370281 13.673818 11.109348
-28.135929 22.120731 5.780816
12.393872 -24.872890 2.079531
26.874294 -26.473281 -9.001129
-21.289407 28.906827 4.799341
-12.465285 25.348979 -5.298624
11.672414 -16.881924 -13.763237
-15.567186 1.286355 16.091189
-23.614917 24.158757 -2.331004
-25.193335 16.925871 -13.128452
28.463698 16.552324 14.815516
-17.361675 -2.602924 -19.849849
15.037996 -23.157140 -3.811762
-11.331828 29.556871 -18.456984
-14.875027 -18.643452 -10.092471
-20.789514 7.219153 15.414899
26.345103 -18.260750 11.186254
8.733482 9.405499 16.365856
-2.672506 25.277566 6.566973
-20.954314 8.180486 2.781457
-4.677572 26.581317 1.622974
4.714194 2.187262 -9.788507
-6.182745 -8.984344 -18.535112
17.715079 -18.209479 -17.188635
-6.635029 5.444807 -17.162999
-18.139897 -20.646687 5.773492
-2.740257 6.257820 7.893918
-3.522141 11.068148 -4.138920
20.143132 5.532701 -12.016358
26.967681 22.560198 -4.331797
29.247414 -18.881497 15.828730
4.466994 -3.476363 5.093539
12.511063 -27.022614 -8.577532
-14.387951 -5.541856 15.812860
12.611774 13.706778 15.842158
-6.385998 -6.155278 16.154668
-11.483810 -6.713767 2.822962
-8.786584 14.021729 9.814142
14.182867 14.365978 -14.427320
-17.989746 -13.644520 7.217627
24.667806 -7.929624 0.706198
-23.437300 24.446242 -11.877194
1.077609 9.290139 -2.459181
11.258583 -24.574419 -16.817530
-25.453352 -28.331858 -5.796686
-11.566210 11.837214 -14.293039
-6.309091 -25.929441 7.029633
