0 Filtered -27 11.5 -4 -17 21.5 3 0 0 0 0 0 0
1 Filtered -16 11.5 -4 -6 21.5 3 0 0 0 0 0 0
2 Filtered -5 11.5 -4 5 21.5 3 0 0 0 0 0 0
3 Filtered 6 11.5 -4 16 21.5 3 0 0 0 0 0 0
4 Filtered 17 11.5 -4 27 21.5 3 0 0 0 0 0 0
5 Filtered -38 0.5 -4 -28 10.5 3 0 0 0 0 0 0
6 Filtered -27 0.5 -4 -17 10.5 3 0 0 0 0 0 0
7 Filtered -16 0.5 -4 -6 10.5 3 0 0 0.722702 0 0 0
8 Filtered -5 0.5 -4 5 10.5 3 0 0 3.96415 0 0 0
9 Filtered 6 0.5 -4 16 10.5 3 0 0 0.0872291 0 0 0
10 Filtered 17 0.5 -4 27 10.5 3 0 0 0 0 0 0
11 Filtered 28 0.5 -4 38 10.5 3 0 0 0 0 0 0
12 Filtered -38 -10.5 -4 -28 -0.5 3 0 0 0 0 0 0
13 Filtered -27 -10.5 -4 -17 -0.5 3 0 0 0 0 0 0
14 Filtered -16 -10.5 -4 -6 -0.5 3 0 0 0.230289 0 0 0
15 Filtered -5 -10.5 -4 5 -0.5 3 0 0 2.14818 0 0 0
16 Filtered 6 -10.5 -4 16 -0.5 3 0 0 0.0144176 0 0 0
17 Filtered 17 -10.5 -4 27 -0.5 3 0 0 0 0 0 0
18 Filtered 28 -10.5 -4 38 -0.5 3 0 0 0 0 0 0
19 Filtered -27 -21.5 -4 -17 -11.5 3 0 0 0 0 0 0
20 Filtered -16 -21.5 -4 -6 -11.5 3 0 0 0 0 0 0
21 Filtered -5 -21.5 -4 5 -11.5 3 0 0 0 0 0 0
22 Filtered 6 -21.5 -4 16 -11.5 3 0 0 0 0 0 0
23 Filtered 17 -21.5 -4 27 -11.5 3 0 0 0 0 0 0
24 Filtered 19.5 9 -7.5 25 12 -2.85 0 0 0 0 0 0
25 Filtered 19.5 9 -2.35 25 12 2.35 0 0 0 0 0 0
26 Filtered 19.5 9 2.85 25 12 7.55 0 0 0 0 0 0
27 Filtered 25.5 9 -7.5 31 12 -2.85 0 0 0 0 0 0
28 Filtered 25.5 9 -2.35 31 12 2.35 0 0 0 0 0 0
29 Filtered 25.5 9 2.85 31 12 7.55 0 0 0 0 0 0
30 Filtered 31.5 9 -7.5 37 12 -2.85 0 0 0 0 0 0
31 Filtered 31.5 9 -2.35 37 12 2.35 0 0 0 0 0 0
32 Filtered 31.5 9 2.85 37 12 7.55 0 0 0 0 0 0
33 Filtered 37.5 9 -7.5 43 12 -2.85 0 0 3.04767 0 0 0
34 Filtered 37.5 9 -2.35 43 12 2.35 0 0 0 0 0 0
35 Filtered 37.5 9 2.85 43 12 7.55 0 0 0 0 0 0
36 Filtered 43.5 8 -7.5 49 11 -2.85 0 0 1.42599 0 0 0
37 Filtered 43.5 8 -2.35 49 11 2.35 0 0 0 0 0 0
38 Filtered 43.5 8 2.85 49 11 7.55 0 0 0 0 0 0
39 Filtered 49.5 6.5 -7.5 52.5 9.5 -2.85 0 0 0 0 0 0
40 Filtered 49.5 6.5 -2.35 52.5 9.5 2.35 0 0 0 0 0 0
41 Filtered 49.5 6.5 2.85 52.5 9.5 7.55 0 0 0 0 0 0
42 Filtered 53 2 -7.5 55.5 8 -2.85 0 0 0 0 0 0
43 Filtered 53 2 -2.35 55.5 8 2.35 0 0 0 0 0 0
44 Filtered 53 2 2.85 55.5 8 7.55 0 0 0 0 0 0
45 Filtered 55.75 0.5 -7.5 57.5 5.5 -2.85 0 0 0 0 0 0
46 Filtered 55.75 0.5 -2.35 57.5 5.5 2.35 0 0 0 0 0 0
47 Filtered 55.75 0.5 2.85 57.5 5.5 7.55 0 0 0 0 0 0
48 Filtered 19.5 9 -7.5 25 12 -2.85 0 0 0 0 0 0
49 Filtered 19.5 9 -2.35 25 12 2.35 0 0 0 0 0 0
50 Filtered 19.5 9 2.85 25 12 7.55 0 0 0 0 0 0
51 Filtered 25.5 9 -7.5 31 12 -2.85 0 0 0 0 0 0
52 Filtered 25.5 9 -2.35 31 12 2.35 0 0 0 0 0 0
53 Filtered 25.5 9 2.85 31 12 7.55 0 0 0 0 0 0
54 Filtered 31.5 9 -7.5 37 12 -2.85 0 0 0 0 0 0
55 Filtered 31.5 9 -2.35 37 12 2.35 0 0 0 0 0 0
56 Filtered 31.5 9 2.85 37 12 7.55 0 0 0 0 0 0
57 Filtered 37.5 9 -7.5 43 12 -2.85 0 0 0 0 0 0
58 Filtered 37.5 9 -2.35 43 12 2.35 0 0 0.0596576 0 0 0
59 Filtered 37.5 9 2.85 43 12 7.55 0 0 0.975664 0 0 0
60 Filtered 43.5 8 -7.5 49 11 -2.85 0 0 0 0 0 0
61 Filtered 43.5 8 -2.35 49 11 2.35 0 0 0.891005 0 0 0
62 Filtered 43.5 8 2.85 49 11 7.55 0 0 5.41137 0 0 0
63 Filtered 49.5 6.5 -7.5 52.5 9.5 -2.85 0 0 0 0 0 0
64 Filtered 49.5 6.5 -2.35 52.5 9.5 2.35 0 0 0 0 0 0
65 Filtered 49.5 6.5 2.85 52.5 9.5 7.55 0 0 0 0 0 0
66 Filtered 53 2 -7.5 55.5 8 -2.85 0 0 0 0 0 0
67 Filtered 53 2 -2.35 55.5 8 2.35 0 0 0 0 0 0
68 Filtered 53 2 2.85 55.5 8 7.55 0 0 0 0 0 0
69 Filtered 55.75 0.5 -7.5 57.5 5.5 -2.85 0 0 0 0 0 0
70 Filtered 55.75 0.5 -2.35 57.5 5.5 2.35 0 0 0 0 0 0
71 Filtered 55.75 0.5 2.85 57.5 5.5 7.55 0 0 0 0 0 0
72 Filtered 19.5 9 -7.5 25 12 -2.85 0 0 0 0 0 0
73 Filtered 19.5 9 -2.35 25 12 2.35 0 0 0 0 0 0
74 Filtered 19.5 9 2.85 25 12 7.55 0 0 0 0 0 0
75 Filtered 25.5 9 -7.5 31 12 -2.85 0 0 0 0 0 0
76 Filtered 25.5 9 -2.35 31 12 2.35 0 0 0 0 0 0
77 Filtered 25.5 9 2.85 31 12 7.55 0 0 0 0 0 0
78 Filtered 31.5 9 -7.5 37 12 -2.85 0 0 0 0 0 0
79 Filtered 31.5 9 -2.35 37 12 2.35 0 0 0 0 0 0
80 Filtered 31.5 9 2.85 37 12 7.55 0 0 0 0 0 0
81 Filtered 37.5 9 -7.5 43 12 -2.85 0 0 0.579633 0 0 0
82 Filtered 37.5 9 -2.35 43 12 2.35 0 0 5.39542 0 0 0
83 Filtered 37.5 9 2.85 43 12 7.55 0 0 0.672501 0 0 0
84 Filtered 43.5 8 -7.5 49 11 -2.85 0 0 0.0878397 0 0 0
85 Filtered 43.5 8 -2.35 49 11 2.35 0 0 1.4756 0 0 0
86 Filtered 43.5 8 2.85 49 11 7.55 0 0 0.0256807 0 0 0
87 Filtered 49.5 6.5 -7.5 52.5 9.5 -2.85 0 0 0 0 0 0
88 Filtered 49.5 6.5 -2.35 52.5 9.5 2.35 0 0 0 0 0 0
89 Filtered 49.5 6.5 2.85 52.5 9.5 7.55 0 0 0 0 0 0
90 Filtered 53 2 -7.5 55.5 8 -2.85 0 0 0 0 0 0
91 Filtered 53 2 -2.35 55.5 8 2.35 0 0 0 0 0 0
92 Filtered 53 2 2.85 55.5 8 7.55 0 0 0 0 0 0
93 Filtered 55.75 0.5 -7.5 57.5 5.5 -2.85 0 0 0 0 0 0
94 Filtered 55.75 0.5 -2.35 57.5 5.5 2.35 0 0 0 0 0 0
95 Filtered 55.75 0.5 2.85 57.5 5.5 7.55 0 0 0 0 0 0
