90.17 142.02 91.13 69.21 40.33
106.65 153.21 115.61 78.96 46.05
96.82 152.73 98.49 72.41 42.11
113.66 163.11 117.12 91.19 62.2
110.17 163.11 114.28 87.22 59.13
122.02 130.98 101.97 77.38 44.57
149.61 157.88 116.14 93.11 63.4
145.56 148.18 109.21 81.92 49.44
147.12 147.9 111.05 83.64 51.37
131.88 145.29 105.62 73.14 43.84
105.05 159.45 108.04 80.01 50.83
103.17 160.39 119.22 84.54 54.72
100.97 157.93 112.98 83.33 53.78
101.84 163.08 115.04 87.94 57.89
95.97 150.91 102.36 79.6 53.15
114.98 161.08 116.93 89.31 56.24
93.79 157.36 107.71 82.6 52.71
96.6 153.6 105.79 80.58 51.47
83.59 154.07 94.7 72.22 42.27
95.43 154.57 104.8 80.63 50.19
87.02 154.15 99.73 73.72 40.38
104.79 168.84 114.84 88.46 56.88
101.63 161.27 108.87 83.91 54.68
91.39 165.17 103.58 82 55.98
100.67 152.8 106.67 81.29 50.06
113.75 162.12 117.32 92.44 60.51
111.59 159.33 112.89 87.8 57.74
89.66 164.54 108.6 82.81 52.57
92.63 130.57 87.07 65.13 40.11
108.97 151.53 109.63 85.65 54.49
