150.19 164.83 126.27 103.48 84.83
154.83 169.92 129.85 106.6 88.25
137 166.59 122.32 95.82 74.81
139.48 153.97 115.03 91.11 70.94
143.46 167.87 124.7 95.52 77.72
153.72 158.32 118.41 94.16 74.5
147.71 140.53 110.35 82.7 62.49
147.32 171.5 127.86 102.14 76.94
149.5 165.73 127.92 101.45 80.82
150.24 175.89 129.79 100.16 75.94
114.35 169.3 117.69 91.13 65.85
137.58 184.21 130.81 106.55 82.1
143.17 182.51 134.44 107.61 82.28
129.85 183.87 132.11 106.53 88.97
133.25 177.29 125.26 100.97 82.4
136.88 157.31 116.27 87.7 65.33
118.52 160.38 112.81 85.5 63.89
117.52 169.86 114.6 92.13 75.86
139.62 167.13 126.48 99.33 74.59
25 25 25 25 25
163.2 178.91 140.77 115.55 92.77
137.16 181.75 141.02 106.09 86.26
141.08 196.47 154.14 124.37 96.65
134.43 171.8 126.33 101.65 80.54
150.21 192.25 146.24 120.34 99.94
143.93 180.89 132.55 104.83 91.22
128.33 156.49 103.4 80.45 61.9
135.77 174.01 128.63 102.77 80.6
117.68 153.63 105.21 78.09 54.97
140.53 169.54 124.51 97.9 76.8
