146.58 152.01 121.06 98.54 75.9
151.49 161.45 129.06 106 84.94
163.91 172 138.13 115.06 90.73
166.65 168.38 136.56 112.75 85.48
155.93 169.31 131.09 107.42 80.56
150.66 160.74 129.23 104.53 80.96
155.46 167.88 135.51 110.79 85.66
159.27 166.1 133.15 108.71 85.69
155.66 167.53 132.37 107.39 85.96
161.83 165.56 138.2 113.75 93.1
151.09 170.36 137.44 113.39 93.76
154.53 166.1 132.66 109.75 89.59
154.78 168.42 135.97 112.59 92.62
149.12 169.02 134.81 111.99 92.95
156.45 169.25 134.59 112.45 94.43
144.28 149.85 121.03 98.01 77.9
142.48 153.77 122.87 99.55 79.4
155.13 166.8 134.08 110.56 88
139.2 155.49 123.3 99.23 75.8
136.71 153.69 122.88 99.19 75.5
93.75 137.71 90.47 59.58 35.85
110.72 153.68 105.94 70.93 44.7
147.38 163.76 132.58 108.52 86.02
143.9 155.55 124.18 100.48 78.43
151.67 165.61 134.05 109.84 88.52
150.85 167.81 135.25 110.67 87.13
142.23 158.82 126.94 103.26 81.03
119.98 135.56 101.81 77.79 77.71
144.49 154.91 125.52 101.03 85.88
149.74 167.25 134.92 110.29 82.94
