155.65 187.39 144.41 117.4 89.82
159.15 176.21 138.03 112.75 82.78
156.2 183.31 141.6 111.31 84.78
148.3 170.79 128.86 101.7 75.08
158.73 175.23 137.48 112.61 85.88
171.67 185.11 149.3 124.86 92.82
158.66 169.66 133.25 109.16 81
163.98 179.61 140.71 116.86 87.97
186.42 199.02 161.29 138.13 107.92
192.03 208.7 172.04 147.33 116.28
170.45 192.84 153.09 127.27 97.64
170.64 182.96 146.62 119.89 91.39
170.72 191.08 151.75 125.68 96
160.02 200.66 151.61 125.67 98.66
152.37 181.46 137.1 108.24 83.28
152.61 183.61 137.32 110.39 78.67
173.18 191.14 153.08 128.97 97.35
163.88 194.71 150.99 126.59 96.67
164.01 182.56 142.31 118.32 91.32
166.69 197.21 154.6 128.76 100.28
166.12 184.89 144.74 119.96 91.43
148.6 176.25 133.73 108.59 79.51
143.63 178.56 133.76 106.37 75.59
164.98 187.75 148.75 124.69 94.67
157.38 180.6 138.69 113.76 86.31
159.01 187.09 143.95 118.86 91.17
150.65 176.6 134.36 109.38 80.46
167.43 187.29 146.4 122.55 92.05
159.04 190.97 149.19 124.19 96.96
156.03 179.29 137.75 113.71 85.11
