127.35 178.75 127.43 82.83 57.64
129.5 183.45 131.87 91.13 60.98
124.93 171.03 124.08 81.25 46.27
125.92 176.03 128.1 82.76 51.22
129.42 161.5 116.75 73.3 46.92
156.27 174.93 129 88.74 65.96
135.89 163.14 123.56 81.07 57.7
130.6 149.82 107.96 64.34 47.17
144.76 144.94 105.23 62.12 43.53
143.56 154.42 113.19 73.91 50.96
137.51 190.64 141.7 99.52 69.2
138.65 211.07 149.87 104.48 76.33
131.62 201.14 145.31 99.61 69.92
137.13 202.37 145.23 94.95 69.47
123.55 190.82 137.08 90.39 62.88
119.06 161.35 116.83 71.83 45.98
124.82 182.35 123.49 77.56 56.15
118.32 175.63 123.75 82.56 61.56
101.91 146.67 98.31 53.22 31.02
116.03 166.5 115.6 71.29 48.7
119.91 147.34 96.96 60.03 50.56
124.63 154.89 109.45 71.9 59.14
119.84 146.22 100.08 60.4 40.8
111.96 155.16 104.23 61.8 36.52
111.92 183.78 121.87 75.78 53.41
119.89 156.07 111.96 72.22 54.94
111.75 179.23 124.05 78.47 57.56
122.33 161.48 115.36 72.97 52.29
113.54 173.97 114.24 71.4 52.02
107.97 150.23 106.94 58.73 39.25
