97.78 113.9 82.39 63.45 37
90.51 104.76 76.46 50.35 26.5
99.04 124.83 94.59 67.87 30.55
107.97 109.88 84.02 64.08 35.66
114.66 145.71 111.23 87.09 52.72
133.18 153.77 124.81 98.79 56.26
112.83 141.58 104.26 76.41 33.93
110.27 128.45 97.91 71.16 29.86
119.28 128 98.66 71.08 28.78
104.83 129.13 93.41 68.12 30.73
109.64 163.09 122.68 92.68 53.83
94.93 164.73 103.69 69.46 40.43
106.23 133.86 103.82 76.62 47.74
114.23 136.03 104.48 76.12 48.43
114.04 148.49 114 83.02 58.42
116.38 172.93 115.95 90.19 55.41
137 196.26 140.56 111.1 75.11
114.75 138.03 102.89 78.52 47.15
101.35 105.3 81.66 59 30.52
96.48 153.31 96.82 67.45 38.37
94.46 141.05 90.76 63.38 42
104.19 164.94 111.5 86.45 53.67
90.03 119.21 81.21 61.12 36.29
143.71 167.68 134.11 108.95 73.75
114.82 165.91 117.57 92.3 64.73
128.93 166.43 118.34 93.65 64.35
124.89 178.75 122.61 94.13 55.72
116.21 138.76 103.62 77.97 49.71
122.21 149.83 111.59 83.92 58.36
114.84 144.18 103.01 76.31 45.05
