166.46 209.63 136.45 107.1 59
156.92 209.41 134.93 106.03 58.89
147.24 207.16 133.61 104.53 56.76
159.2 210.52 137.27 109.02 61.76
165.47 211.97 139.26 110.01 63.13
155.91 187.55 119.11 90.63 45.89
192.51 179.52 132.54 102.6 54.76
171.73 155.52 113.94 91.74 52.32
174.26 171.54 120.59 93.77 47.22
191.79 185.26 129.93 100.22 52.78
119.65 198.53 123.94 96.56 50.81
137.48 205.63 127.84 102.3 60.45
117.68 199.07 122.01 95.57 49.6
127.39 201.18 125.14 98.05 51.84
137.79 209.25 131 104.91 61.41
153.72 207.66 131.66 104.91 56.87
142.54 210.44 139.44 111.89 62.5
168.1 187.44 147.78 128.36 85.82
167.47 184.43 128.38 104.64 57.96
128.98 187.28 110.41 87.11 40.75
133.65 202.76 130.35 103.43 55.64
146.08 222.43 144.59 115.38 65.76
167.8 196.7 154.59 133.85 88.78
164.89 180.62 130.9 109.86 65.35
155.12 184.94 126.46 104.61 59.66
153.72 207.09 141.19 117.83 73.65
151.18 203.2 130.84 101.64 52.35
172.63 179.68 144.01 119.77 76.77
150.24 169.51 122.03 96.05 48.21
145.4 196.54 127.06 101.57 53.01
