161.82 192.64 159.25 130.37 88.61
151.25 180.51 147.04 116.19 73.56
158.67 188.31 152.37 122.71 80.79
163.86 188.92 150.33 124.45 84.09
150.33 172.65 146.32 120.74 80.17
157.38 176.39 147.87 121.92 82.77
155.62 172.28 144.17 118.1 75.5
166.2 177.91 154.93 130.45 88.94
149.55 154.5 131.43 105.77 61.93
157.72 175.81 146.33 120.24 75.83
144.61 167.32 140.67 117.96 81.64
151.56 181.92 152.28 126.76 88.92
136.34 167.67 132.03 107.61 71.32
152.82 178.91 149.08 120.77 80.72
149.22 180.74 152.6 127.81 88.55
152.11 161.77 142.73 116.82 72.27
151.71 169.68 142.14 114.62 71.83
143.92 177.29 142.04 114.72 74.04
141.03 167.31 132.31 105.57 60.67
152.01 173.31 145.15 120.8 79.25
151.21 168.94 147.47 118.73 73.35
139.42 168.3 137.75 114.38 75.26
147.97 176.92 141.93 115.47 71.95
163.88 186.4 166.15 137.86 95.13
150.26 172 146.53 120.51 76.56
159.27 180.05 152.77 127.5 83.57
146.43 161.91 131.3 105.63 60.83
153.89 177.52 148.92 123.89 81.7
153.49 177.89 149.44 123.45 78.35
153.53 176.93 145.37 119.7 74.22
